335
978
47
164
814
868
139
729
968
92
251
137
646
919
766
934
762
158
479
81
227
91
459
387
495
676
791
886
897
426
709
346
582
891
790
760
280
890
932
356
77
889
616
600
743
4
565
328
408
710
204
797
730
391
289
739
761
354
696
60
816
629
257
664
909
186
736
747
608
522
241
35
453
466
446
215
601
587
362
846
117
658
299
540
591
152
811
964
716
48
653
992
669
26
272
695
609
304
528
415
666
237
875
607
272
648
887
378
909
549
113
867
851
684
411
61
793
907
325
720
487
84
775
645
135
364
834
105
576
79
208
780
567
410
291
121
553
131
603
636
80
593
533
883
888
47
290
727
489
730
810
891
822
197
587
153
810
635
320
359
246
585
324
572
28
414
545
699
966
529
386
513
483
914
244
499
243
558
976
795
636
127
499
814
431
521
248
359
808
844
593
501
163
175
376
159
643
613
910
845
151
684
962
858
962
458
666
55
508
363
644
822
757
413
561
687
63
475
782
818
343
277
353
714
971
585
73
854
221
451
690
491
175
30
498
727
668
321
173
194
39
500
281
929
354
828
840
976
940
414
971